1000
0
2
4
8
10
15
18
21
23
25
29
31
32
33
35
39
40
42
45
47
49
51
52
54
55
57
59
60
62
63
66
71
73
74
79
80
86
88
89
92
95
97
103
104
106
108
109
110
111
114
117
118
122
127
129
133
134
137
138
141
142
146
152
153
159
160
167
169
170
171
172
175
176
177
178
179
180
181
183
185
186
190
195
197
198
202
204
206
208
209
210
213
219
223
228
231
233
235
236
242
243
244
245
249
250
254
256
258
259
263
264
265
269
271
272
276
277
280
283
284
286
287
289
290
292
296
303
304
306
307
309
311
314
315
316
317
321
323
324
325
328
329
330
332
333
334
337
341
344
349
352
354
355
357
363
371
373
375
376
379
381
382
383
385
388
389
391
392
394
395
396
398
400
404
406
411
413
414
415
417
418
421
422
424
425
426
428
429
430
431
432
435
436
437
438
439
441
443
446
448
449
450
451
452
454
457
458
460
461
462
463
465
466
467
472
476
479
481
484
493
494
495
498
499
500
503
504
506
509
510
514
517
519
521
522
525
526
528
532
533
535
544
549
550
552
554
555
556
557
558
559
561
562
563
564
566
567
570
571
573
577
582
583
591
592
593
599
600
607
612
614
615
616
618
621
622
623
625
626
627
628
634
635
636
638
639
643
648
649
650
652
654
659
661
663
667
668
669
670
673
675
676
677
680
681
683
684
687
688
691
692
697
699
700
701
702
703
705
706
707
709
713
714
716
721
722
727
729
731
733
734
736
739
740
743
747
753
754
758
759
761
763
766
767
768
770
771
772
773
775
777
778
780
782
783
786
787
792
793
795
797
798
802
803
805
808
809
810
811
814
815
818
819
820
822
823
829
830
834
835
838
839
841
842
844
845
847
852
853
854
855
856
858
859
860
861
864
865
866
867
868
870
876
878
879
883
884
886
891
892
893
896
900
901
903
904
907
908
909
910
914
915
918
919
920
921
922
923
925
926
927
928
930
931
932
933
934
935
937
938
945
951
952
957
958
959
960
961
966
967
968
969
971
976
978
979
981
983
986
987
988
991
992
993
994
995
996
998
999
1000
1003
1004
1006
1007
1009
1010
1012
1015
1019
1020
1023
1027
1028
1029
1031
1033
1034
1035
1036
1037
1039
1040
1041
1044
1045
1046
1047
1051
1054
1056
1059
1064
1066
1068
1070
1071
1072
1075
1076
1079
1083
1084
1085
1086
1087
1095
1097
1098
1099
1101
1103
1106
1110
1111
1115
1116
1117
1119
1120
1124
1126
1127
1128
1133
1136
1137
1139
1140
1142
1143
1144
1145
1147
1149
1150
1151
1152
1154
1156
1157
1158
1160
1161
1165
1167
1170
1171
1172
1174
1176
1177
1178
1179
1181
1183
1185
1190
1191
1192
1193
1195
1197
1198
1202
1203
1204
1205
1206
1207
1210
1213
1215
1217
1218
1219
1223
1226
1227
1230
1231
1233
1234
1235
1236
1237
1243
1246
1247
1251
1252
1253
1254
1256
1257
1259
1260
1261
1262
1266
1269
1271
1273
1275
1276
1277
1278
1279
1280
1282
1288
1289
1291
1293
1294
1298
1299
1301
1302
1305
1307
1309
1310
1311
1313
1318
1319
1320
1322
1325
1326
1328
1329
1332
1334
1337
1338
1339
1340
1341
1344
1345
1347
1348
1350
1356
1357
1358
1359
1361
1363
1368
1372
1373
1374
1376
1381
1382
1383
1384
1386
1387
1390
1393
1394
1395
1396
1398
1400
1401
1402
1403
1404
1406
1407
1408
1411
1414
1419
1420
1422
1423
1424
1425
1429
1430
1431
1433
1436
1437
1438
1440
1442
1444
1446
1447
1450
1452
1453
1454
1458
1459
1460
1464
1466
1468
1478
1479
1481
1482
1483
1485
1487
1489
1491
1492
1494
1495
1500
1502
1503
1504
1506
1507
1508
1509
1510
1511
1513
1514
1515
1516
1517
1519
1521
1522
1524
1525
1527
1529
1531
1532
1539
1540
1544
1547
1551
1553
1554
1555
1557
1558
1560
1562
1563
1564
1565
1568
1572
1574
1576
1578
1579
1580
1582
1584
1586
1587
1589
1590
1593
1594
1597
1599
1600
1604
1611
1612
1615
1618
1620
1621
1623
1625
1627
1628
1629
1631
1637
1641
1642
1650
1651
1652
1654
1655
1656
1661
1663
1666
1668
1669
1670
1671
1672
1673
1675
1676
1677
1678
1679
1681
1682
1684
1688
1692
1694
1695
1696
1699
1700
1703
1704
1705
1706
1708
1709
1711
1712
1714
1715
1716
1717
1719
1720
1721
1727
1729
1732
1735
1736
1738
1739
1742
1744
1746
1750
1753
1757
1759
1761
1762
1764
1765
1770
1772
1773
1774
1779
1780
1785
1786
1789
1791
1792
1793
1795
1797
1798
1799
1800
1804
1806
1808
1810
1814
1816
1817
1818
1819
1820
1823
1825
1826
1827
1828
1829
1831
1832
1834
1835
1837
1838
1840
1842
1843
1844
1846
1847
1850
1851
1861
1864
1866
1867
1868
1869
1871
1872
1873
1876
1877
1881
1885
1886
1888
1889
1892
1893
1896
1898
1899
1902
1903
1906
1907
1909
1911
1915
1917
1918
1920
1922
1925
1929
1931
1933
1936
1937
1938
1940
1942
1944
1946
1947
1948
1950
1952
1953
1955
1959
1960
1961
1962
1963
1964
1965
1966
1967
1968
1969
1970
1971
1972
1973
1974
1975
1976
1977
1978
1979
1980
1981
1982
1983
1984
1985
1986
1987
1988
1989
1990
1991
1992
1993
1994
1995
1996
1997
1998
1999
1000
1
3
5
6
7
9
11
12
13
14
16
17
19
20
22
24
26
27
28
30
34
36
37
38
41
43
44
46
48
50
53
56
58
61
64
65
67
68
69
70
72
75
76
77
78
81
82
83
84
85
87
90
91
93
94
96
98
99
100
101
102
105
107
112
113
115
116
119
120
121
123
124
125
126
128
130
131
132
135
136
139
140
143
144
145
147
148
149
150
151
154
155
156
157
158
161
162
163
164
165
166
168
173
174
182
184
187
188
189
191
192
193
194
196
199
200
201
203
205
207
211
212
214
215
216
217
218
220
221
222
224
225
226
227
229
230
232
234
237
238
239
240
241
246
247
248
251
252
253
255
257
260
261
262
266
267
268
270
273
274
275
278
279
281
282
285
288
291
293
294
295
297
298
299
300
301
302
305
308
310
312
313
318
319
320
322
326
327
331
335
336
338
339
340
342
343
345
346
347
348
350
351
353
356
358
359
360
361
362
364
365
366
367
368
369
370
372
374
377
378
380
384
386
387
390
393
397
399
401
402
403
405
407
408
409
410
412
416
419
420
423
427
433
434
440
442
444
445
447
453
455
456
459
464
468
469
470
471
473
474
475
477
478
480
482
483
485
486
487
488
489
490
491
492
496
497
501
502
505
507
508
511
512
513
515
516
518
520
523
524
527
529
530
531
534
536
537
538
539
540
541
542
543
545
546
547
548
551
553
560
565
568
569
572
574
575
576
578
579
580
581
584
585
586
587
588
589
590
594
595
596
597
598
601
602
603
604
605
606
608
609
610
611
613
617
619
620
624
629
630
631
632
633
637
640
641
642
644
645
646
647
651
653
655
656
657
658
660
662
664
665
666
671
672
674
678
679
682
685
686
689
690
693
694
695
696
698
704
708
710
711
712
715
717
718
719
720
723
724
725
726
728
730
732
735
737
738
741
742
744
745
746
748
749
750
751
752
755
756
757
760
762
764
765
769
774
776
779
781
784
785
788
789
790
791
794
796
799
800
801
804
806
807
812
813
816
817
821
824
825
826
827
828
831
832
833
836
837
840
843
846
848
849
850
851
857
862
863
869
871
872
873
874
875
877
880
881
882
885
887
888
889
890
894
895
897
898
899
902
905
906
911
912
913
916
917
924
929
936
939
940
941
942
943
944
946
947
948
949
950
953
954
955
956
962
963
964
965
970
972
973
974
975
977
980
982
984
985
989
990
997
1001
1002
1005
1008
1011
1013
1014
1016
1017
1018
1021
1022
1024
1025
1026
1030
1032
1038
1042
1043
1048
1049
1050
1052
1053
1055
1057
1058
1060
1061
1062
1063
1065
1067
1069
1073
1074
1077
1078
1080
1081
1082
1088
1089
1090
1091
1092
1093
1094
1096
1100
1102
1104
1105
1107
1108
1109
1112
1113
1114
1118
1121
1122
1123
1125
1129
1130
1131
1132
1134
1135
1138
1141
1146
1148
1153
1155
1159
1162
1163
1164
1166
1168
1169
1173
1175
1180
1182
1184
1186
1187
1188
1189
1194
1196
1199
1200
1201
1208
1209
1211
1212
1214
1216
1220
1221
1222
1224
1225
1228
1229
1232
1238
1239
1240
1241
1242
1244
1245
1248
1249
1250
1255
1258
1263
1264
1265
1267
1268
1270
1272
1274
1281
1283
1284
1285
1286
1287
1290
1292
1295
1296
1297
1300
1303
1304
1306
1308
1312
1314
1315
1316
1317
1321
1323
1324
1327
1330
1331
1333
1335
1336
1342
1343
1346
1349
1351
1352
1353
1354
1355
1360
1362
1364
1365
1366
1367
1369
1370
1371
1375
1377
1378
1379
1380
1385
1388
1389
1391
1392
1397
1399
1405
1409
1410
1412
1413
1415
1416
1417
1418
1421
1426
1427
1428
1432
1434
1435
1439
1441
1443
1445
1448
1449
1451
1455
1456
1457
1461
1462
1463
1465
1467
1469
1470
1471
1472
1473
1474
1475
1476
1477
1480
1484
1486
1488
1490
1493
1496
1497
1498
1499
1501
1505
1512
1518
1520
1523
1526
1528
1530
1533
1534
1535
1536
1537
1538
1541
1542
1543
1545
1546
1548
1549
1550
1552
1556
1559
1561
1566
1567
1569
1570
1571
1573
1575
1577
1581
1583
1585
1588
1591
1592
1595
1596
1598
1601
1602
1603
1605
1606
1607
1608
1609
1610
1613
1614
1616
1617
1619
1622
1624
1626
1630
1632
1633
1634
1635
1636
1638
1639
1640
1643
1644
1645
1646
1647
1648
1649
1653
1657
1658
1659
1660
1662
1664
1665
1667
1674
1680
1683
1685
1686
1687
1689
1690
1691
1693
1697
1698
1701
1702
1707
1710
1713
1718
1722
1723
1724
1725
1726
1728
1730
1731
1733
1734
1737
1740
1741
1743
1745
1747
1748
1749
1751
1752
1754
1755
1756
1758
1760
1763
1766
1767
1768
1769
1771
1775
1776
1777
1778
1781
1782
1783
1784
1787
1788
1790
1794
1796
1801
1802
1803
1805
1807
1809
1811
1812
1813
1815
1821
1822
1824
1830
1833
1836
1839
1841
1845
1848
1849
1852
1853
1854
1855
1856
1857
1858
1859
1860
1862
1863
1865
1870
1874
1875
1878
1879
1880
1882
1883
1884
1887
1890
1891
1894
1895
1897
1900
1901
1904
1905
1908
1910
1912
1913
1914
1916
1919
1921
1923
1924
1926
1927
1928
1930
1932
1934
1935
1939
1941
1943
1945
1949
1951
1954
1956
1957
1958
