100
3
4
7
8
12
13
14
15
16
18
20
22
23
24
25
29
30
31
33
34
35
36
38
41
43
45
47
48
49
50
54
55
59
61
65
69
70
71
73
74
80
81
83
84
85
88
89
90
91
92
93
96
99
100
101
104
109
114
115
118
122
123
125
127
133
135
137
139
140
142
143
144
146
147
148
149
150
151
152
159
160
163
165
167
173
175
176
178
183
185
186
187
188
193
194
195
196
197
198
199
100
0
1
2
5
6
9
10
11
17
19
21
26
27
28
32
37
39
40
42
44
46
51
52
53
56
57
58
60
62
63
64
66
67
68
72
75
76
77
78
79
82
86
87
94
95
97
98
102
103
105
106
107
108
110
111
112
113
116
117
119
120
121
124
126
128
129
130
131
132
134
136
138
141
145
153
154
155
156
157
158
161
162
164
166
168
169
170
171
172
174
177
179
180
181
182
184
189
190
191
192
